5.13970 5.19038 5.32362 90 99.6234 90
1 0 0
0 1 0
0 0 1
0.2758669999999981  0.0426300000000026  0.2078780000000009    Hf_pv  
0.7241330000000019  0.9573699999999974  0.7921219999999991    Hf_pv
0.7241330000000019  0.5426300000000026  0.2921219999999991    Hf_pv
0.2758669999999981  0.4573699999999974  0.7078780000000009    Hf_pv
0.0676040000000029  0.3294890000000024  0.3476459999999975    O, Vac    
0.9323949999999996  0.6705109999999976  0.6523540000000025    O, Vac
0.9323949999999996  0.8294890000000024  0.1523540000000025    O, Vac
0.0676040000000029  0.1705109999999976  0.8476459999999975    O, Vac
0.4489510000000010  0.7573360000000022  0.4774880000000010    O, Vac
0.5510489999999990  0.2426639999999978  0.5225119999999990    O, Vac
0.5510489999999990  0.2573360000000022  0.0225119999999990    O, Vac
0.4489510000000010  0.7426639999999978  0.9774880000000010    O, Vac
